89
09
39
69
19
99
69
49
59
19
99
29
19
49
99
24
99
99
90
99
99
19
89
19
24
05
59
99
49
99
19
70
99
99
99
29
29
49
16
99
99
29
99
29
29
19
49
49
79
49
69
49
49
99
99
19
49
49
49
29
69
20
39
87
59
99
99
49
49
79
99
99
79
79
24
99
29
19
79
99
99
99
89
69
19
49
89
59
39
69
89
19
99
49
59
99
59
99
19
49
58
43
89
39
79
99
39
25
79
39
69
79
39
29
69
39
49
99
49
99
29
49
99
69
59
89
99
79
49
49
59
19
69
20
39
29
59
99
69
99
89
99
99
99
49
69
99
89
15
49
29
29
49
49
39
99
19
99
29
29
89
89
59
99
59
75
99
29
19
99
99
99
19
69
59
89
39
99
88
89
99
99
39
99
59
19
19
39
49
69
99
99
19
69
19
35
79
49
99
29
91
49
69
29
89
60
79
29
89
29
89
99
99
69
49
79
89
99
09
99
98
48
19
98
89
38
99
49
15
69
19
99
49
39
85
85
15
99
99
79
99
45
85
59
99
15
69
95
89
89
49
79
79
99
69
49
80
95
99
49
99
89
49
99
19
99
89
35
26
99
29
89
99
99
29
99
79
99
49
69
99
89
79
99
99
35
49
49
89
89
69
39
99
49
79
75
75
99
49
69
49
99
79
99
55
99
29
75
79
99
79
99
99
79
99
19
69
99
49
95
79
79
49
89
69
49
39
49
69
49
59
99
79
69
99
99
55
89
49
99
39
79
79
55
69
65
99
99
59
19
29
99
29
79
59
39
89
79
49
79
79
99
49
99
95
69
85
19
99
35
99
99
79
49
95
69
99
09
99
69
39
49
99
29
29
99
49
39
99
79
99
19
99
49
49
69
49
89
89
19
99
69
29
99
79
99
99
99
99
89
15
45
69
79
39
99
29
99
29
99
69
15
89
89
49
99
79
29
99
29
95
49
49
49
69
69
59
99
99
49
99
09
35
69
65
69
69
49
99
79
29
79
69
39
69
59
39
35
19
99
39
99
49
99
99
99
99
79
49
99
79
49
49
29
99
49
79
75
69
99
99
79
69
69
99
29
75
15
99
99
49
99
99
69
19
99
69
59
99
19
99
79
39
99
49
99
59
79
69
59
99
49
99
85
65
99
99
59
99
65
69
99
49
89
49
79
99
49
59
69
99
99
69
95
79
99
49
45
89
79
99
99
99
29
29
95
49
99
99
29
79
99
49
99
99
80
49
30
63
49
79
69
99
99
69
99
29
75
49
49
00
79
49
49
59
49
79
59
99
59
69
99
99
79
49
29
49
65
39
99
35
89
35
95
99
99
99
09
69
99
59
99
59
69
99
59
99
49
29
19
09
99
49
69
99
35
19
99
99
99
99
89
99
59
59
69
89
49
79
89
89
49
49
79
49
99
39
49
49
99
69
49
99
99
99
99
49
99
29
09
99
19
59
99
99
19
49
79
69
19
99
15
49
79
59
49
89
99
69
29
19
99
59
69
29
49
99
99
49
49
99
99
19
49
49
49
99
59
85
99
69
99
45
69
49
29
99
49
99
29
99
99
49
69
69
99
19
49
49
59
69
49
99
19
99
49
49
99
29
99
29
39
69
99
45
49
49
59
99
29
49
89
19
79
99
49
59
99
99
89
69
99
99
99
39
19
29
15
49
19
19
45
39
69
99
99
19
49
99
59
59
99
69
99
19
45
19
99
99
69
99
59
99
99
19
99
59
49
99
69
29
09
19
39
19
19
99
79
69
99
39
49
49
99
89
99
69
09
59
99
99
19
99
29
19
79
49
11
49
99
99
49
39
59
69
39
29
49
89
49
49
49
29
19
49
99
59
59
19
19
29
99
19
99
59
69
29
39
79
49
99
49
99
19
29
29
99
39
45
09
45
49
69
19
49
49
99
29
19
09
79
99
39
59
49
29
69
89
69
09
79
99
29
19
59
89
89
49
99
49
29
99
49
69
19
79
69
79
69
69
89
09
89
59
19
19
89
49
69
99
39
99
99
09
99
29
79
59
39
99
99
79
29
09
99
49
39
69
69
99
39
99
99
49
19
19
49
85
29
99
09
19
39
99
99
39
99
99
99
69
09
29
19
89
99
29
79
99
85
99
15
99
99
39
99
99
99
19
69
49
99
99
59
29
99
19
99
69
69
79
69
69
39
59
29
99
71
59
99
99
89
79
09
49
99
49
29
07
99
39
49
99
69
89
99
39
59
59
79
99
49
69
09
49
39
99
29
19
19
69
19
89
79
59
29
99
99
59
08
19
29
69
89
29
79
15
79
99
69
27
79
45
19
79
99
89
99
99
99
99
79
99
69
69
99
79
99
99
89
49
79
39
69
59
29
19
15
19
59
59
08
49
99
99
79
39
99
19
69
79
59
29
27
99
39
39
69
79
49
99
69
99
59
99
99
79
39
89
59
39
99
39
99
89
99
59
39
59
19
69
59
79
95
49
89
29
69
39
59
29
99
99
99
99
59
99
59
99
69
59
39
99
29
