73
98
99
98
99
49
49
49
49
49
99
22
49
99
99
73
49
59
59
49
49
98
99
59
18
16
29
96
96
99
92
49
19
07
29
19
84
49
99
20
45
99
39
59
06
29
79
19
99
99
06
29
96
99
03
59
29
28
18
09
99
82
45
38
19
23
09
99
99
92
49
96
99
98
18
59
94
99
41
09
59
12
38
19
69
69
86
19
51
39
46
56
79
49
99
99
65
19
19
29
29
99
33
96
48
29
19
49
99
39
49
65
99
99
29
99
13
49
65
99
99
23
49
18
99
49
49
45
45
49
49
99
39
29
99
13
31
89
99
49
49
49
65
49
99
99
78
39
96
99
99
66
59
39
76
96
49
49
75
98
49
61
49
49
99
32
29
99
13
54
69
99
49
13
49
03
49
80
99
99
65
99
99
36
49
96
99
29
09
24
49
48
06
19
29
48
29
99
13
49
37
99
49
49
99
99
65
49
99
32
49
72
49
72
99
99
65
29
49
99
65
29
99
13
66
59
48
99
76
39
99
99
65
49
99
32
29
09
99
66
29
99
13
29
48
99
49
49
29
89
52
19
94
49
32
09
49
99
29
98
48
79
49
45
99
98
99
49
49
99
55
49
65
78
99
99
99
49
80
99
98
99
99
65
49
43
99
99
65
99
98
00
70
99
36
99
99
49
43
59
27
29
39
49
99
33
99
99
29
09
49
99
99
99
99
81
61
69
99
65
49
65
46
99
99
99
65
29
05
49
72
49
72
99
42
99
99
49
19
27
29
34
00
00
99
99
06
79
49
83
49
19
27
99
99
19
25
79
91
99
99
49
19
86
00
06
99
25
79
11
99
99
18
50
42
49
31
50
19
49
37
50
36
50
50
99
19
29
99
15
69
08
99
20
49
31
00
31
49
70
99
25
99
25
49
70
49
70
29
43
50
25
49
07
69
49
31
99
42
50
50
69
49
31
50
56
99
05
09
17
50
25
59
32
49
70
69
57
00
99
37
79
23
49
70
99
12
99
50
99
17
99
29
19
10
99
17
50
74
50
25
50
16
99
33
49
70
50
45
00
31
99
05
99
00
99
16
99
33
50
48
00
31
99
03
99
00
99
00
99
44
59
32
50
21
99
08
69
47
50
31
99
22
99
08
19
40
49
75
59
38
99
37
99
42
99
37
99
50
00
99
14
99
06
19
27
99
42
19
35
49
70
19
36
19
40
29
04
19
40
99
29
19
36
99
50
59
38
79
48
69
47
00
31
19
19
19
13
49
58
99
50
50
50
69
47
19
44
19
52
49
70
49
70
19
52
99
36
99
99
59
38
99
21
49
70
59
26
59
60
59
58
59
38
19
37
19
60
59
36
19
13
19
30
50
16
09
46
19
40
89
02
19
07
89
02
89
02
99
03
19
07
89
02
99
06
69
04
79
49
06
99
06
29
05
89
03
19
07
69
04
29
05
99
06
79
49
06
89
03
99
06
69
04
19
07
69
04
99
03
89
03
19
07
79
59
05
69
04
59
05
19
07
69
04
99
03
99
03
99
09
89
03
19
07
59
09
99
09
69
04
69
04
19
07
59
06
29
08
59
05
99
14
29
08
29
05
89
03
29
08
89
03
29
08
89
03
29
08
89
03
29
08
39
15
29
08
29
08
19
08
59
09
19
07
49
05
79
09
99
12
99
12
49
05
39
15
79
16
59
11
39
15
99
12
79
16
79
16
69
09
89
09
99
17
99
12
19
45
19
13
99
12
19
42
99
17
89
09
49
06
19
54
69
09
89
09
79
16
69
09
49
36
89
09
09
06
69
09
89
11
29
07
09
06
79
54
50
00
99
98
50
00
99
49
29
58
99
98
50
00
79
39
00
29
58
99
98
50
00
50
58
49
98
99
07
50
00
50
00
50
00
99
98
79
19
49
82
29
58
50
00
99
33
29
48
79
55
00
99
07
49
98
49
98
79
58
29
58
50
00
50
00
49
98
49
98
79
79
99
33
69
79
29
48
50
00
50
00
50
00
50
00
50
00
29
48
50
00
59
20
49
98
79
60
00
69
69
00
59
12
99
99
99
33
49
98
49
12
79
97
79
58
99
92
99
98
99
49
49
98
59
29
79
79
49
98
79
58
49
93
99
07
00
82
29
58
99
99
29
58
49
44
99
99
79
58
50
00
49
93
99
98
49
27
99
33
49
70
99
33
69
69
00
00
82
29
58
29
58
29
39
29
65
00
99
33
79
97
29
65
49
98
49
98
79
19
69
95
29
65
00
29
65
50
00
50
68
89
89
79
97
29
58
79
79
50
00
79
97
19
79
29
65
49
98
49
99
49
29
29
49
84
49
98
49
98
19
38
29
29
29
65
00
19
52
59
20
99
07
99
99
19
19
50
00
